block_seq_num,block_var_num,block_route_num,block_run_num
5989281,1,671,6
5989282,1,671,5
5989285,1,671,2
5989303,1,671,11
5989340,1,671,9
5989401,1,50,7
5989455,1,50,9
5989483,1,50,1
5989485,1,50,13
5989486,1,50,12
5989487,1,50,10
5989488,1,193,8
5989596,1,161,1
5989664,1,671,13
5989683,1,161,1
5990297,1,7,7
5990300,1,7,11
5990302,1,7,12
5990374,1,2,8
5990375,1,2,4
5990376,1,2,5
5990377,1,2,7
5990378,1,2,9
5990379,1,2,6
5990380,1,2,3
5990381,1,2,1
5990382,1,2,2
5990384,1,3,2
5990388,1,10,3
5990389,1,10,4
5990390,1,7,1
5990392,1,7,3
5990395,1,7,7
5990398,1,7,12
5990399,1,7,9
5990407,1,7,19
5990408,1,36,1
5990410,1,36,3
5990412,1,36,5
5990413,1,36,6
5990414,1,36,7
5990481,1,10,3
5990482,1,10,4
5990483,1,36,9
5990484,1,36,8
5990529,1,44,3
5990531,1,44,10
5990532,1,44,14
5990534,1,44,18
5990535,1,44,19
5990541,1,7,24
5990542,1,7,21
5990544,1,7,18
5990545,1,7,19
5990547,1,7,15
5990550,1,7,12
5990555,1,7,7
5990556,1,7,4
5990557,1,7,3
5990559,1,7,5
5990561,1,7,1
5990575,1,70,15
5990584,1,3,19
5990590,1,3,20
5990645,1,44,11
5990649,1,70,13
5990704,1,3,4
5990705,1,3,5
5990706,1,3,13
5990707,1,7,30
5990708,1,3,8
5990709,1,3,10
5990710,1,7,26
5990711,1,7,27
5990712,1,7,28
5990713,1,44,17
5990714,1,44,2
5990715,1,44,4
5990716,1,44,7
5990717,1,44,8
5990718,1,7,8
5990719,1,7,29
5990720,1,7,31
5990721,1,7,17
5990722,1,7,32
5990861,1,128,1
5990862,1,128,2
5990863,1,128,3
5990864,1,128,4
5990865,1,128,5
5990866,1,128,6
5990867,1,128,7
5990868,1,128,8
5990869,1,128,9
5990870,1,128,10
5990871,1,128,17
5990872,1,128,14
5990874,1,128,19
5990875,1,128,13
5990877,1,128,21
5990878,1,128,18
5990879,1,128,16
5990881,1,128,12
5990882,1,28,8
5990885,1,26,3
5990902,1,62,2
5990912,1,62,12
5990919,1,62,19
5991174,1,106,7
5991180,1,11,1
5991181,1,11,2
5991247,1,11,3
5991248,1,11,4
5991249,1,11,5
5991250,1,60,8
5991251,1,60,7
5991252,1,60,3
5991253,1,60,2
5991255,1,60,9
5991256,1,60,10
5991262,1,60,1
5991263,1,60,4
5991264,1,60,5
5991271,1,106,7
5991290,1,60,9
5991347,1,60,2
5991348,1,60,3
5991349,1,60,6
5991592,1,60,4
5991593,1,60,1
5991852,1,599,7
5991853,1,599,12
5991854,1,599,1
5991855,1,599,9
5991856,1,599,8
5991857,1,599,2
5991858,1,599,4
5991859,1,599,10
5991860,1,599,5
5991861,1,599,6
5991862,1,599,3
5991863,1,599,11
5991864,1,599,1
5991865,1,599,6
5991866,1,599,2
5991867,1,599,7
5991868,1,599,8
5991869,1,599,4
5991870,1,599,9
5991871,1,599,5
5991872,1,599,10
5991873,1,599,12
5991874,1,599,3
5991875,1,599,11
5992270,1,522,1
5992271,1,522,2
5992272,1,522,3
5992273,1,522,4
5992274,1,522,5
5992275,1,522,6
5992276,1,522,7
5992277,1,522,8
5992278,1,522,9
5992279,1,522,10
5992280,1,522,11
5992281,1,522,12
5992282,1,522,13
5992283,1,522,14
5992284,1,522,15
5992285,1,522,16
5992286,1,522,17
5992287,1,522,18
5992288,1,522,21
5992289,1,522,22
5992290,1,522,23
5992300,1,545,1
5992303,1,545,4
5992306,1,545,7
5992309,1,545,10
5992316,1,545,16
5992317,1,545,17
5992321,1,545,22
5992322,1,545,23
5992339,1,550,12
5992351,1,554,1
5992362,1,522,20
5992368,1,522,19
5992369,1,522,24
5992491,1,930,1
5992492,1,930,2
5992493,1,930,3
5992497,1,907,1
5992525,1,914,1
5992526,1,914,2
5992527,1,914,3
5992528,1,915,2
5992529,1,915,1
5992530,1,915,3
5992531,1,915,4
5992532,1,915,5
5992538,1,907,2
5992539,1,631,1
5992540,1,631,2
5992541,1,915,1
5993998,1,111,3
5993999,1,183,3
5994000,1,182,2
5994001,1,111,7
5994002,1,183,1
5994003,1,111,6
5994004,1,111,16
5994005,1,111,13
5994006,1,111,15
5994007,1,182,1
5994008,1,111,12
5994009,1,183,5
5994010,1,111,1
5994011,1,183,6
5994012,1,183,4
5994013,1,111,4
5994014,1,111,8
5994015,1,111,11
5994016,1,182,5
5994017,1,182,3
5994018,1,671,7
5994019,1,671,6
5994020,1,671,5
5994021,1,671,4
5994022,1,671,3
5994023,1,671,2
5994024,1,671,1
5994025,1,193,9
5994026,1,193,8
5994027,1,183,9
5994028,1,193,7
5994029,1,193,5
5994030,1,193,4
5994031,1,193,3
5994032,1,193,2
5994033,1,193,1
5994034,1,111,14
5994035,1,181,3
5994036,1,181,6
5994037,1,181,7
5994038,1,676,12
5994039,1,676,10
5994040,1,676,7
5994041,1,676,8
5994042,1,676,6
5994043,1,676,5
5994044,1,676,4
5994045,1,676,3
5994046,1,676,2
5994047,1,676,1
5994048,1,111,5
5994049,1,193,6
5994050,1,676,11
5994051,1,676,9
5994052,1,671,8
5994053,1,671,11
5994054,1,107,1
5994055,1,107,2
5994056,1,107,4
5994057,1,107,3
5994058,1,107,5
5994059,1,107,6
5994060,1,107,7
5994061,1,107,8
5994062,1,107,9
5994063,1,107,10
5994064,1,107,11
5994065,1,107,14
5994066,1,107,15
5994067,1,107,16
5994068,1,107,17
5994069,1,156,1
5994070,1,156,2
5994071,1,156,3
5994072,1,156,5
5994073,1,183,2
5994074,1,183,7
5994075,1,156,4
5994076,1,676,16
5994077,1,181,5
5994078,1,181,10
5994079,1,181,1
5994080,1,111,2
5994081,1,111,9
5994082,1,111,10
5994083,1,182,6
5994084,1,119,22
5994085,1,119,31
5994086,1,119,21
5994087,1,119,32
5994088,1,156,6
5994089,1,156,7
5994090,1,111,17
5994091,1,107,12
5994092,1,107,13
5994093,1,671,10
5994094,1,671,9
5994095,1,181,4
5994096,1,181,2
5994097,1,181,9
5994098,1,676,14
5994099,1,676,15
5994100,1,676,18
5994101,1,150,2
5994102,1,150,1
5994103,1,101,1
5994104,1,150,3
5994105,1,150,4
5994106,1,101,2
5994107,1,150,16
5994108,1,101,3
5994109,1,150,5
5994110,1,102,6
5994111,1,101,4
5994112,1,102,1
5994113,1,150,6
5994114,1,150,7
5994115,1,101,6
5994116,1,101,21
5994117,1,101,5
5994118,1,150,8
5994119,1,150,18
5994120,1,101,7
5994121,1,150,9
5994122,1,150,11
5994123,1,101,9
5994124,1,102,2
5994125,1,101,8
5994126,1,150,10
5994127,1,101,15
5994128,1,102,3
5994129,1,101,14
5994130,1,150,12
5994131,1,101,10
5994132,1,101,11
5994133,1,150,13
5994134,1,102,5
5994135,1,102,4
5994136,1,101,18
5994137,1,150,17
5994138,1,676,17
5994139,1,101,12
5994140,1,150,14
5994141,1,165,1
5994142,1,165,2
5994143,1,161,3
5994144,1,165,4
5994145,1,165,5
5994146,1,165,6
5994147,1,165,7
5994148,1,165,8
5994149,1,165,12
5994150,1,165,3
5994151,1,182,4
5994152,1,181,8
5994153,1,105,3
5994154,1,105,6
5994155,1,105,2
5994156,1,105,7
5994157,1,105,1
5994158,1,105,4
5994159,1,184,3
5994160,1,184,4
5994161,1,50,5
5994162,1,50,1
5994163,1,50,2
5994164,1,50,3
5994165,1,50,4
5994166,1,50,6
5994167,1,50,7
5994168,1,50,10
5994169,1,50,11
5994170,1,50,12
5994171,1,50,13
5994172,1,162,1
5994173,1,162,2
5994174,1,162,3
5994175,1,162,4
5994176,1,162,5
5994177,1,162,6
5994178,1,162,7
5994179,1,162,8
5994180,1,162,16
5994181,1,162,9
5994182,1,162,10
5994183,1,162,11
5994184,1,162,12
5994185,1,162,13
5994186,1,162,14
5994187,1,162,15
5994188,1,111,18
5994189,1,671,12
5994190,1,165,10
5994191,1,165,11
5994192,1,118,2
5994193,1,118,1
5994194,1,161,1
5994195,1,161,2
5994196,1,161,4
5994197,1,161,5
5994198,1,161,16
5994199,1,161,6
5994200,1,161,17
5994201,1,161,7
5994202,1,161,14
5994203,1,161,8
5994204,1,161,9
5994205,1,161,10
5994206,1,161,11
5994207,1,161,19
5994208,1,160,2
5994209,1,160,3
5994210,1,160,4
5994211,1,160,5
5994212,1,160,6
5994213,1,160,7
5994214,1,160,14
5994215,1,160,8
5994216,1,160,9
5994217,1,160,10
5994218,1,160,11
5994219,1,160,12
5994220,1,160,13
5994221,1,184,2
5994222,1,160,1
5994223,1,184,1
5994224,1,50,8
5994225,1,50,9
5994226,1,161,18
5994227,1,161,15
5994228,1,101,20
5994229,1,101,17
5994230,1,150,19
5994231,1,101,19
5994232,1,161,12
5994233,1,101,13
5994234,1,165,9
5994235,1,150,15
5994236,1,105,5
5994237,1,183,8
5994238,1,181,11
5994239,1,676,13
5994240,1,101,16
5994241,1,161,13
5994242,1,193,38
5994243,1,193,39
5994244,1,105,1
5994245,1,105,2
5994246,1,107,1
5994247,1,107,2
5994248,1,107,3
5994249,1,107,4
5994250,1,107,5
5994251,1,107,6
5994252,1,118,1
5994253,1,156,1
5994254,1,156,2
5994255,1,181,1
5994256,1,181,2
5994257,1,181,3
5994258,1,181,4
5994259,1,181,5
5994260,1,182,2
5994261,1,182,1
5994262,1,676,1
5994263,1,676,2
5994264,1,676,3
5994265,1,676,4
5994266,1,676,6
5994267,1,676,9
5994268,1,676,8
5994269,1,676,7
5994270,1,676,5
5994271,1,50,3
5994272,1,50,5
5994273,1,50,1
5994274,1,50,2
5994275,1,50,4
5994276,1,50,6
5994277,1,150,1
5994278,1,150,2
5994279,1,150,3
5994280,1,150,4
5994281,1,101,1
5994282,1,150,6
5994283,1,150,5
5994284,1,150,7
5994285,1,101,2
5994286,1,150,9
5994287,1,150,8
5994288,1,101,3
5994289,1,150,10
5994290,1,101,4
5994291,1,150,11
5994292,1,101,5
5994293,1,150,12
5994294,1,183,2
5994295,1,118,2
5994296,1,183,3
5994297,1,183,1
5994298,1,184,2
5994299,1,160,1
5994300,1,160,2
5994301,1,160,3
5994302,1,160,4
5994303,1,160,5
5994304,1,150,13
5994305,1,150,14
5994306,1,671,1
5994307,1,671,2
5994308,1,671,3
5994309,1,671,4
5994310,1,671,5
5994311,1,671,6
5994312,1,671,7
5994313,1,671,8
5994314,1,671,9
5994315,1,671,12
5994316,1,671,13
5994317,1,671,14
5994318,1,671,15
5994319,1,671,11
5994320,1,671,10
5994321,1,161,6
5994322,1,161,2
5994323,1,161,4
5994324,1,161,1
5994325,1,161,3
5994326,1,161,5
5994327,1,150,15
5994328,1,184,1
5994329,1,165,2
5994330,1,165,1
5994331,1,165,3
5994332,1,165,5
5994333,1,165,4
5994334,1,165,6
5994335,1,161,8
5994336,1,160,6
5994337,1,161,7
5994338,1,165,7
5994339,1,165,8
5994340,1,161,9
5994431,1,26,1
5994432,1,28,9
5994433,1,28,3
5994434,1,28,10
5994435,1,28,1
5994436,1,28,26
5994437,1,28,2
5994438,1,26,2
5994439,1,28,4
5994440,1,28,32
5994441,1,26,4
5994442,1,26,3
5994443,1,28,6
5994444,1,28,8
5994445,1,26,5
5994446,1,26,6
5994447,1,26,7
5994448,1,26,8
5994449,1,26,10
5994450,1,28,28
5994451,1,28,12
5994452,1,26,11
5994453,1,28,13
5994454,1,26,14
5994455,1,28,15
5994456,1,28,27
5994457,1,26,15
5994458,1,28,30
5994459,1,28,21
5994460,1,28,23
5994461,1,64,7
5994462,1,64,6
5994463,1,64,4
5994464,1,64,3
5994465,1,62,2
5994466,1,62,3
5994467,1,64,1
5994468,1,62,4
5994469,1,62,5
5994470,1,62,6
5994471,1,64,2
5994472,1,62,8
5994473,1,62,1
5994474,1,62,9
5994475,1,62,12
5994476,1,62,11
5994477,1,62,13
5994478,1,62,15
5994479,1,62,16
5994480,1,62,21
5994481,1,62,22
5994482,1,62,24
5994483,1,28,31
5994484,1,124,2
5994485,1,124,3
5994486,1,124,5
5994487,1,28,14
5994488,1,124,18
5994489,1,124,17
5994490,1,62,17
5994491,1,303,1
5994492,1,303,2
5994493,1,303,3
5994494,1,303,4
5994495,1,303,6
5994496,1,303,9
5994497,1,303,11
5994498,1,303,10
5994499,1,26,12
5994500,1,124,15
5994501,1,303,14
5994502,1,26,9
5994503,1,62,10
5994504,1,62,19
5994505,1,62,14
5994506,1,28,18
5994507,1,28,11
5994508,1,28,29
5994509,1,62,20
5994510,1,124,20
5994511,1,303,12
5994512,1,28,17
5994513,1,62,23
5994514,1,125,2
5994515,1,125,1
5994516,1,125,3
5994517,1,125,4
5994518,1,125,5
5994519,1,28,25
5994520,1,26,13
5994521,1,28,24
5994522,1,28,7
5994523,1,125,7
5994524,1,125,6
5994525,1,45,8
5994526,1,45,2
5994527,1,45,3
5994528,1,45,9
5994529,1,45,12
5994530,1,45,5
5994531,1,45,4
5994532,1,45,13
5994533,1,45,6
5994534,1,45,14
5994535,1,45,10
5994536,1,45,7
5994537,1,45,16
5994538,1,45,1
5994539,1,45,11
5994540,1,45,19
5994541,1,45,17
5994542,1,45,20
5994543,1,45,15
5994544,1,124,13
5994545,1,124,9
5994546,1,124,10
5994547,1,124,7
5994548,1,303,5
5994549,1,124,21
5994550,1,124,16
5994551,1,124,6
5994552,1,124,19
5994553,1,27,7
5994554,1,27,5
5994555,1,27,2
5994556,1,27,1
5994557,1,27,6
5994558,1,27,4
5994559,1,28,5
5994560,1,124,14
5994561,1,27,3
5994562,1,303,13
5994563,1,124,1
5994564,1,124,8
5994565,1,124,4
5994566,1,124,12
5994567,1,45,18
5994568,1,26,16
5994569,1,28,22
5994570,1,28,19
5994571,1,28,33
5994572,1,28,20
5994573,1,62,18
5994574,1,62,7
5994575,1,124,11
5994576,1,64,8
5994577,1,303,8
5994578,1,64,5
5994579,1,303,7
5994580,1,28,16
5994581,1,8,16
5994582,1,8,14
5994583,1,8,12
5994584,1,8,11
5994585,1,8,10
5994586,1,8,4
5994587,1,8,15
5994588,1,8,9
5994589,1,8,3
5994590,1,8,8
5994591,1,8,7
5994592,1,8,6
5994593,1,8,5
5994594,1,8,1
5994595,1,8,2
5994596,1,8,13
5994597,1,48,5
5994598,1,48,14
5994599,1,48,15
5994600,1,48,10
5994601,1,48,6
5994602,1,48,11
5994603,1,48,9
5994604,1,48,12
5994605,1,48,4
5994606,1,48,8
5994607,1,48,13
5994608,1,48,2
5994609,1,48,1
5994610,1,48,3
5994611,1,48,7
5994612,1,128,1
5994613,1,128,2
5994614,1,128,3
5994615,1,128,4
5994616,1,128,5
5994617,1,128,6
5994618,1,128,7
5994619,1,128,11
5994620,1,128,13
5994621,1,128,12
5994622,1,128,15
5994623,1,128,14
5994624,1,128,16
5994625,1,128,8
5994626,1,128,10
5994627,1,128,9
5994629,1,12,2
5994630,1,12,1
5994631,1,7,1
5994632,1,7,2
5994633,1,7,3
5994634,1,7,4
5994635,1,7,5
5994636,1,7,6
5994637,1,7,7
5994638,1,7,8
5994639,1,7,9
5994640,1,7,11
5994641,1,7,10
5994642,1,7,12
5994643,1,7,13
5994644,1,7,14
5994645,1,7,15
5994646,1,7,16
5994647,1,7,17
5994648,1,7,18
5994649,1,7,19
5994650,1,36,1
5994651,1,36,2
5994652,1,36,3
5994653,1,36,4
5994654,1,36,5
5994655,1,36,6
5994656,1,36,10
5994657,1,36,11
5994658,1,10,1
5994659,1,10,2
5994660,1,36,7
5994661,1,36,8
5994662,1,36,9
5994663,1,70,1
5994664,1,70,2
5994665,1,70,3
5994666,1,70,4
5994667,1,70,5
5994668,1,70,6
5994669,1,70,7
5994670,1,673,1
5994671,1,673,2
5994672,1,673,3
5994673,1,673,4
5994674,1,673,5
5994675,1,673,6
5994676,1,673,7
5994677,1,673,8
5994678,1,673,9
5994679,1,673,10
5994680,1,673,11
5994681,1,673,12
5994682,1,673,13
5994683,1,1,1
5994684,1,1,2
5994685,1,1,3
5994686,1,1,4
5994687,1,1,5
5994688,1,2,1
5994689,1,2,2
5994690,1,2,3
5994691,1,2,4
5994692,1,3,1
5994693,1,3,4
5994694,1,3,2
5994695,1,3,3
5994696,1,3,5
5994697,1,3,6
5994698,1,3,7
5994699,1,3,8
5994700,1,3,9
5994701,1,44,1
5994702,1,44,7
5994703,1,44,2
5994704,1,44,3
5994705,1,44,4
5994706,1,44,6
5994707,1,44,5
5994708,1,120,3
5994709,1,120,5
5994710,1,120,1
5994711,1,120,2
5994712,1,120,4
5994713,1,120,6
5994714,1,120,8
5994715,1,120,7
5994716,1,120,9
5994717,1,120,10
5994718,1,120,11
5994719,1,120,13
5994720,1,120,12
5994721,1,120,14
5994722,1,120,15
5994723,1,120,16
5994819,1,12,1
5994820,1,12,2
5994821,1,12,3
5994822,1,12,5
5994823,1,12,4
5994824,1,12,6
5994825,1,12,7
5994826,1,12,8
5994827,1,12,9
5994828,1,12,10
5994829,1,36,1
5994830,1,36,2
5994831,1,36,3
5994832,1,36,6
5994833,1,36,8
5994834,1,36,9
5994835,1,36,10
5994836,1,36,11
5994837,1,36,12
5994838,1,36,13
5994839,1,36,14
5994840,1,36,17
5994841,1,36,19
5994842,1,36,21
5994843,1,36,23
5994844,1,36,4
5994845,1,36,7
5994846,1,36,20
5994847,1,36,15
5994848,1,36,16
5994849,1,36,22
5994850,1,2,3
5994851,1,2,2
5994852,1,2,4
5994853,1,2,5
5994854,1,2,6
5994855,1,2,7
5994856,1,2,8
5994857,1,2,10
5994858,1,2,9
5994859,1,2,11
5994860,1,2,13
5994861,1,2,15
5994862,1,2,17
5994863,1,2,19
5994864,1,2,12
5994865,1,2,16
5994866,1,70,2
5994867,1,70,1
5994868,1,36,18
5994869,1,36,5
5994870,1,44,9
5994871,1,44,12
5994872,1,44,1
5994873,1,44,2
5994874,1,44,4
5994875,1,44,10
5994876,1,44,14
5994877,1,44,15
5994878,1,44,17
5994879,1,44,18
5994880,1,44,24
5994881,1,7,28
5994882,1,7,27
5994883,1,7,26
5994884,1,7,29
5994885,1,7,23
5994886,1,7,25
5994887,1,7,24
5994888,1,7,21
5994889,1,7,22
5994890,1,7,17
5994891,1,7,18
5994892,1,7,20
5994893,1,7,15
5994894,1,7,12
5994895,1,7,14
5994896,1,7,11
5994897,1,7,10
5994898,1,7,9
5994899,1,7,8
5994900,1,7,7
5994901,1,7,6
5994902,1,7,4
5994903,1,7,3
5994904,1,7,2
5994905,1,7,5
5994906,1,7,16
5994907,1,7,1
5994908,1,2,20
5994909,1,70,3
5994910,1,70,4
5994911,1,70,7
5994912,1,70,8
5994913,1,70,9
5994914,1,70,10
5994915,1,70,11
5994916,1,70,5
5994917,1,70,17
5994918,1,70,19
5994919,1,70,12
5994920,1,70,15
5994921,1,44,21
5994922,1,70,16
5994923,1,44,20
5994924,1,2,14
5994925,1,2,18
5994926,1,2,1
5994927,1,3,1
5994928,1,3,2
5994929,1,3,3
5994930,1,3,5
5994931,1,3,17
5994932,1,3,7
5994933,1,3,8
5994934,1,3,9
5994935,1,3,11
5994936,1,3,13
5994937,1,3,14
5994938,1,3,15
5994939,1,3,18
5994940,1,3,19
5994941,1,3,20
5994942,1,1,1
5994943,1,1,2
5994944,1,1,3
5994945,1,1,4
5994946,1,1,5
5994947,1,1,6
5994948,1,1,7
5994949,1,1,9
5994950,1,1,8
5994951,1,1,11
5994952,1,1,12
5994953,1,673,47
5994954,1,673,50
5994955,1,673,2
5994956,1,673,3
5994957,1,673,4
5994958,1,673,5
5994959,1,673,6
5994960,1,673,7
5994961,1,673,8
5994962,1,673,9
5994963,1,673,10
5994964,1,673,13
5994965,1,673,14
5994966,1,673,15
5994967,1,673,16
5994968,1,673,17
5994969,1,673,18
5994970,1,673,20
5994971,1,673,21
5994972,1,673,22
5994973,1,673,23
5994974,1,673,24
5994975,1,673,26
5994976,1,673,27
5994977,1,673,29
5994978,1,673,30
5994979,1,673,32
5994980,1,673,33
5994981,1,673,34
5994982,1,673,35
5994983,1,673,38
5994984,1,673,39
5994985,1,673,40
5994986,1,673,41
5994987,1,673,43
5994988,1,673,44
5994989,1,673,45
5994990,1,673,46
5994991,1,673,12
5994992,1,673,28
5994993,1,673,36
5994994,1,1,10
5994995,1,44,11
5994996,1,44,22
5994997,1,44,13
5994998,1,673,31
5994999,1,70,13
5995000,1,70,14
5995001,1,3,6
5995002,1,70,18
5995003,1,44,23
5995004,1,3,10
5995005,1,3,4
5995006,1,10,1
5995007,1,10,2
5995008,1,10,3
5995009,1,10,4
5995010,1,10,5
5995011,1,10,6
5995012,1,10,7
5995013,1,10,8
5995014,1,10,9
5995015,1,10,10
5995016,1,3,16
5995017,1,7,19
5995018,1,7,13
5995019,1,44,6
5995020,1,44,3
5995021,1,44,7
5995022,1,44,8
5995023,1,44,16
5995024,1,44,19
5995025,1,44,5
5995026,1,673,11
5995027,1,673,42
5995028,1,673,37
5995029,1,673,25
5995030,1,673,19
5995031,1,3,12
5995032,1,120,1
5995033,1,120,2
5995034,1,120,3
5995035,1,120,12
5995036,1,120,4
5995037,1,120,5
5995038,1,120,17
5995039,1,120,6
5995040,1,120,19
5995041,1,120,7
5995042,1,120,8
5995043,1,120,9
5995044,1,120,11
5995045,1,120,13
5995046,1,120,14
5995047,1,120,16
5995048,1,120,18
5995049,1,120,20
5995050,1,120,21
5995051,1,120,22
5995052,1,120,24
5995053,1,120,25
5995054,1,120,26
5995055,1,120,28
5995056,1,120,29
5995057,1,120,30
5995058,1,120,31
5995059,1,120,32
5995060,1,120,27
5995061,1,120,33
5995062,1,120,34
5995063,1,120,10
5995064,1,120,15
5995065,1,120,23
5995066,1,673,1
5995067,1,7,30
5995068,1,7,31
5995069,1,7,32
5995070,1,7,33
5995071,1,36,30
5995072,1,36,31
5995073,1,36,32
5995075,1,124,4
5995076,1,124,7
5995077,1,28,7
5995078,1,28,1
5995079,1,28,2
5995080,1,26,2
5995081,1,26,6
5995082,1,28,6
5995083,1,28,5
5995084,1,26,1
5995085,1,28,4
5995086,1,26,5
5995087,1,26,4
5995088,1,26,3
5995089,1,28,3
5995090,1,26,7
5995091,1,8,1
5995092,1,8,2
5995093,1,8,3
5995094,1,8,4
5995095,1,8,5
5995096,1,8,6
5995097,1,8,7
5995098,1,62,1
5995099,1,62,2
5995100,1,62,3
5995101,1,62,4
5995102,1,62,6
5995103,1,62,5
5995104,1,62,7
5995105,1,62,8
5995106,1,62,9
5995107,1,62,10
5995108,1,62,11
5995109,1,26,8
5995110,1,8,10
5995111,1,26,13
5995112,1,26,14
5995113,1,26,9
5995114,1,26,10
5995115,1,26,15
5995116,1,26,12
5995117,1,26,11
5995118,1,125,1
5995119,1,125,2
5995120,1,28,8
5995121,1,8,8
5995122,1,8,9
5995123,1,128,9
5995124,1,128,10
5995125,1,128,11
5995126,1,128,5
5995127,1,128,7
5995128,1,128,6
5995129,1,128,12
5995130,1,128,8
5995131,1,45,1
5995132,1,45,2
5995133,1,45,3
5995134,1,45,4
5995135,1,45,5
5995136,1,45,6
5995137,1,45,7
5995138,1,45,8
5995139,1,128,1
5995140,1,128,2
5995141,1,128,3
5995142,1,128,4
5995143,1,124,1
5995144,1,124,2
5995145,1,124,5
5995146,1,48,7
5995147,1,48,3
5995148,1,48,1
5995149,1,48,2
5995150,1,48,4
5995151,1,48,6
5995152,1,48,5
5995153,1,27,2
5995154,1,27,1
5995155,1,27,3
5995156,1,27,4
5995157,1,27,5
5995158,1,124,6
5995159,1,124,3
5995574,1,930,1
5995575,1,930,2
5995576,1,930,3
5995577,1,975,1
5995578,1,975,2
5995579,1,973,1
5995580,1,907,1
5995581,1,773,1
5995582,1,775,1
5995583,1,629,1
5995584,1,629,2
5995585,1,204,2
5995586,1,204,1
5995587,1,204,3
5995588,1,224,1
5995589,1,635,1
5995590,1,635,2
5995591,1,627,1
5995592,1,635,3
5995593,1,903,1
5995594,1,903,2
5995595,1,903,3
5995596,1,903,4
5995597,1,903,6
5995598,1,903,5
5995600,1,906,2
5995601,1,906,1
5995602,1,906,5
5995603,1,906,8
5995604,1,906,3
5995605,1,906,6
5995606,1,906,7
5995607,1,906,4
5995608,1,914,1
5995609,1,914,2
5995610,1,914,3
5995611,1,915,2
5995612,1,915,1
5995613,1,915,3
5995614,1,915,4
5995615,1,915,5
5995616,1,917,1
5995617,1,917,2
5995618,1,773,2
5995619,1,775,2
5995620,1,973,2
5995621,1,907,2
5995622,1,631,1
5995623,1,631,2
5995624,1,915,1
5995625,1,906,1
5995626,1,906,2
5995627,1,903,2
5995628,1,903,1
5995629,1,635,1
5995631,1,914,1
5995632,1,914,2
5995633,1,917,1
5995641,1,221,1
5995642,1,221,2
5995643,1,221,3
5995644,1,221,4
5995645,1,240,4
5995646,1,240,3
5995647,1,240,2
5995648,1,240,1
5995649,1,245,2
5995650,1,245,3
5995651,1,245,4
5995652,1,245,1
5995653,1,245,5
5995654,1,240,6
5995655,1,221,5
5995656,1,240,5
5995657,1,208,1
5995658,1,225,1
5995659,1,225,2
5995660,1,225,3
5995661,1,250,1
5995662,1,250,2
5995663,1,250,3
5995664,1,250,4
5995665,1,230,1
5995666,1,230,2
5995667,1,230,3
5995668,1,239,1
5995669,1,239,2
5995670,1,239,3
5995671,1,239,4
5995672,1,250,5
5995673,1,226,1
5995674,1,226,2
5995675,1,226,3
5995676,1,271,1
5995677,1,271,2
5995678,1,271,3
5995679,1,271,6
5995680,1,271,4
5995681,1,271,7
5995682,1,271,5
5995721,1,221,2
5995722,1,221,3
5995725,1,226,6
5995726,1,221,1
5995727,1,221,6
5995728,1,221,4
5995729,1,226,1
5995730,1,226,2
5995731,1,226,3
5995732,1,226,4
5995733,1,226,5
5995734,1,226,10
5995735,1,226,7
5995736,1,226,8
5995737,1,226,9
5995738,1,239,1
5995739,1,239,2
5995740,1,239,3
5995741,1,239,4
5995742,1,230,4
5995743,1,230,5
5995744,1,230,6
5995745,1,230,8
5995746,1,230,1
5995747,1,230,2
5995748,1,230,3
5995749,1,230,7
5995750,1,230,9
5995751,1,208,1
5995752,1,221,5
5995754,1,225,1
5995755,1,225,2
5995756,1,225,3
5995757,1,225,4
5995758,1,225,5
5995759,1,225,6
5995760,1,225,7
5995761,1,225,8
5995762,1,225,9
5995763,1,250,1
5995764,1,250,2
5995765,1,250,3
5995766,1,250,4
5995767,1,250,5
5995768,1,250,6
5995769,1,250,7
5995770,1,250,8
5995771,1,250,9
5995772,1,250,10
5995773,1,250,11
5995774,1,250,12
5995775,1,240,1
5995776,1,240,2
5995777,1,240,3
5995778,1,240,4
5995779,1,240,5
5995780,1,240,6
5995781,1,240,7
5995782,1,240,8
5995783,1,240,9
5995784,1,240,10
5995785,1,240,11
5995786,1,240,12
5995788,1,271,1
5995789,1,271,2
5995790,1,271,3
5995791,1,269,1
5995792,1,245,1
5995793,1,271,4
5995794,1,245,2
5995795,1,269,2
5995796,1,269,3
5995797,1,245,3
5995798,1,271,5
5995799,1,245,4
5995800,1,271,6
5995801,1,269,4
5995802,1,271,7
5995803,1,245,5
5995804,1,245,6
5995805,1,271,8
5995806,1,245,7
5995807,1,245,8
5995808,1,271,9
5995809,1,271,10
5995810,1,271,11
5995811,1,245,9
5995812,1,269,5
5995813,1,271,12
5995814,1,271,13
5995815,1,245,10
5995816,1,269,6
5995817,1,245,11
5995818,1,245,12
5995819,1,245,13
5995820,1,271,14
5995821,1,271,15
5995822,1,271,16
5995823,1,271,17
5995824,1,245,14
5995825,1,245,15
5995826,1,672,1
5995827,1,672,2
5995828,1,672,3
5995829,1,672,4
5995830,1,672,5
5995831,1,672,6
5995832,1,672,8
5995833,1,672,7
5995834,1,522,1
5995835,1,522,2
5995836,1,522,3
5995837,1,522,4
5995838,1,522,5
5995839,1,522,6
5995840,1,522,7
5995841,1,542,1
5995842,1,542,2
5995843,1,542,4
5995844,1,545,1
5995845,1,545,2
5995846,1,545,3
5995847,1,545,4
5995848,1,545,5
5995849,1,545,6
5995850,1,545,7
5995851,1,550,1
5995852,1,550,2
5995853,1,550,3
5995854,1,550,4
5995855,1,550,5
5995856,1,550,6
5995857,1,550,7
5995858,1,550,8
5995859,1,550,9
5995860,1,554,1
5995861,1,554,2
5995862,1,554,3
5995863,1,554,4
5995864,1,554,5
5995865,1,542,3
5995866,1,255,1
5995867,1,255,2
5995868,1,255,3
5995869,1,255,4
5995870,1,255,5
5995871,1,255,6
5995872,1,255,7
5995873,1,255,8
5995874,1,255,9
5995875,1,255,10
5995921,1,257,9
5995922,1,257,6
5995923,1,257,7
5995924,1,218,7
5995925,1,218,8
5995926,1,218,9
5995927,1,218,11
5995928,1,218,14
5995929,1,257,1
5995930,1,257,3
5995931,1,311,2
5995932,1,311,1
5995933,1,311,3
5995934,1,311,4
5995935,1,311,7
5995936,1,311,10
5995937,1,311,11
5995938,1,311,12
5995939,1,311,13
5995940,1,311,9
5995941,1,311,5
5995942,1,257,4
5995943,1,218,6
5995944,1,218,1
5995945,1,218,5
5995946,1,218,2
5995954,1,672,1
5995955,1,672,2
5995956,1,672,3
5995957,1,672,4
5995958,1,672,6
5995959,1,672,7
5995960,1,672,9
5995961,1,672,11
5995962,1,672,12
5995963,1,672,14
5995964,1,672,15
5995965,1,672,13
5995966,1,672,16
5995967,1,672,17
5995968,1,672,18
5995969,1,311,8
5995970,1,672,10
5995971,1,672,5
5995972,1,672,8
5995974,1,218,12
5995975,1,311,14
5995977,1,257,8
5995978,1,212,1
5995979,1,212,2
5995980,1,212,3
5995981,1,212,4
5995982,1,218,4
5995983,1,212,7
5995984,1,212,8
5995985,1,212,9
5995986,1,212,10
5995987,1,212,11
5995988,1,212,12
5995989,1,212,13
5995990,1,212,5
5995992,1,212,6
5995993,1,257,2
5995994,1,218,3
5995995,1,218,13
5995997,1,554,2
5995998,1,550,1
5995999,1,545,2
5996000,1,550,2
5996001,1,550,3
5996002,1,542,1
5996003,1,545,3
5996004,1,545,4
5996005,1,550,4
5996006,1,554,4
5996007,1,542,2
5996008,1,545,6
5996009,1,550,5
5996010,1,554,5
5996011,1,545,7
5996012,1,542,3
5996013,1,545,9
5996014,1,550,6
5996015,1,542,4
5996016,1,550,8
5996017,1,545,10
5996018,1,554,7
5996019,1,545,15
5996020,1,554,8
5996021,1,545,16
5996022,1,545,17
5996023,1,550,11
5996024,1,554,9
5996025,1,554,10
5996026,1,545,20
5996027,1,542,7
5996028,1,545,22
5996029,1,554,11
5996030,1,550,17
5996031,1,545,24
5996032,1,550,18
5996033,1,550,19
5996034,1,542,8
5996035,1,550,21
5996036,1,545,26
5996037,1,542,9
5996038,1,550,23
5996039,1,554,12
5996040,1,545,29
5996041,1,545,30
5996042,1,554,13
5996043,1,257,5
5996044,1,311,6
5996045,1,550,7
5996046,1,550,20
5996047,1,550,16
5996048,1,550,12
5996049,1,311,18
5996050,1,311,17
5996051,1,212,14
5996052,1,550,9
5996053,1,550,15
5996054,1,550,10
5996055,1,554,14
5996056,1,311,15
5996058,1,311,16
5996059,1,311,19
5996060,1,255,1
5996061,1,255,2
5996062,1,255,3
5996063,1,255,4
5996064,1,255,5
5996065,1,255,6
5996066,1,255,7
5996067,1,255,8
5996068,1,255,9
5996069,1,271,22
5996070,1,255,10
5996071,1,255,11
5996072,1,255,12
5996073,1,255,13
5996074,1,255,14
5996075,1,255,15
5996076,1,255,16
5996077,1,255,17
5996078,1,255,18
5996079,1,255,19
5996080,1,255,20
5996081,1,255,21
5996082,1,255,23
5996083,1,255,24
5996084,1,255,25
5996085,1,218,10
5996086,1,257,10
5996087,1,545,8
5996088,1,545,19
5996089,1,542,6
5996090,1,550,13
5996091,1,550,14
5996092,1,550,22
5996093,1,550,24
5996094,1,542,5
5996095,1,554,1
5996096,1,522,1
5996097,1,522,17
5996098,1,522,2
5996099,1,522,19
5996100,1,554,3
5996101,1,545,1
5996102,1,522,3
5996103,1,522,20
5996104,1,522,4
5996105,1,522,24
5996106,1,545,5
5996107,1,522,5
5996108,1,522,23
5996109,1,522,6
5996110,1,522,12
5996111,1,522,21
5996112,1,554,6
5996113,1,522,22
5996114,1,522,14
5996115,1,522,7
5996116,1,522,8
5996117,1,545,12
5996118,1,545,11
5996119,1,545,13
5996120,1,522,9
5996121,1,522,18
5996122,1,545,14
5996123,1,522,10
5996124,1,545,18
5996125,1,545,21
5996126,1,522,11
5996127,1,522,13
5996128,1,522,16
5996129,1,545,23
5996130,1,522,25
5996131,1,522,15
5996132,1,545,27
5996133,1,545,31
5996134,1,545,25
5996135,1,545,28
5996136,1,255,22
5996137,1,271,20
5996138,1,271,21
5996139,1,271,23
5996140,1,271,24
5996141,1,271,25
5996142,1,271,26
5996143,1,271,27
5996154,1,522,31
5996155,1,522,30
5996339,1,96,1
5996340,1,96,2
5996341,1,96,4
5996342,1,96,3
5996346,1,96,1
5996347,1,96,6
5996348,1,96,2
5996349,1,96,3
5996350,1,96,5
5996351,1,96,4
5996352,1,599,5
5996353,1,599,6
5996354,1,599,2
5996355,1,599,3
5996356,1,599,4
5996357,1,599,1
5996358,1,599,7
5996359,1,599,8
5996368,1,599,5
5996369,1,599,57
5996370,1,599,6
5996371,1,599,55
5996372,1,599,43
5996373,1,599,51
5996374,1,599,47
5996375,1,599,8
5996376,1,599,44
5996377,1,599,52
5996378,1,599,4
5996379,1,599,2
5996380,1,599,3
5996381,1,599,7
5996382,1,599,45
5996383,1,599,56
5996384,1,599,54
5996385,1,599,46
5996386,1,599,53
5996387,1,599,1
5996388,1,599,41
5996389,1,599,42
5996390,1,98,1
5996391,1,98,2
5996394,1,98,1
5996395,1,98,2
5996396,1,98,3
5996486,1,40,5
5996487,1,40,4
5996488,1,40,9
5996489,1,40,8
5996490,1,40,11
5996491,1,40,13
5996492,1,5,2
5996493,1,5,3
5996494,1,5,4
5996495,1,5,5
5996496,1,5,6
5996497,1,5,7
5996498,1,5,8
5996499,1,5,9
5996500,1,5,11
5996501,1,5,19
5996502,1,60,1
5996503,1,60,2
5996504,1,60,3
5996505,1,60,4
5996506,1,106,1
5996507,1,106,2
5996508,1,106,3
5996509,1,106,4
5996510,1,106,5
5996511,1,106,6
5996512,1,106,7
5996513,1,106,8
5996514,1,106,9
5996515,1,106,10
5996516,1,106,11
5996517,1,5,1
5996518,1,11,1
5996519,1,11,2
5996520,1,11,3
5996521,1,5,13
5996522,1,5,14
5996523,1,40,7
5996524,1,40,10
5996525,1,40,6
5996526,1,40,2
5996527,1,40,1
5996528,1,60,6
5996529,1,40,3
5996530,1,60,9
5996531,1,60,7
5996532,1,5,18
5996533,1,5,15
5996534,1,5,10
5996535,1,5,12
5996536,1,5,17
5996537,1,40,19
5996538,1,40,12
5996539,1,40,18
5996540,1,40,15
5996541,1,11,4
5996542,1,11,5
5996543,1,40,17
5996544,1,5,16
5996545,1,40,16
5996546,1,40,14
5996547,1,40,20
5996548,1,60,5
5996549,1,674,1
5996550,1,674,2
5996551,1,674,3
5996552,1,674,4
5996553,1,674,6
5996554,1,674,8
5996555,1,674,7
5996556,1,675,1
5996557,1,675,2
5996558,1,675,3
5996559,1,675,5
5996560,1,675,6
5996561,1,675,7
5996562,1,675,9
5996563,1,675,10
5996564,1,675,22
5996565,1,675,14
5996566,1,675,13
5996567,1,675,18
5996568,1,675,19
5996569,1,674,14
5996570,1,674,13
5996571,1,675,21
5996572,1,675,20
5996573,1,675,15
5996574,1,675,16
5996575,1,675,4
5996576,1,675,8
5996577,1,675,11
5996578,1,675,12
5996579,1,675,17
5996580,1,674,5
5996581,1,674,9
5996582,1,106,13
5996583,1,106,12
5996584,1,674,12
5996585,1,674,11
5996586,1,674,10
5996587,1,60,8
5996680,1,5,7
5996681,1,5,2
5996682,1,5,4
5996683,1,5,10
5996684,1,5,9
5996685,1,5,3
5996686,1,5,15
5996687,1,5,6
5996688,1,5,12
5996689,1,21,1
5996690,1,56,2
5996691,1,74,1
5996692,1,21,9
5996693,1,56,1
5996694,1,74,2
5996695,1,21,2
5996696,1,57,5
5996697,1,74,4
5996698,1,57,2
5996699,1,21,4
5996700,1,21,10
5996701,1,56,4
5996702,1,56,6
5996703,1,56,5
5996704,1,57,1
5996705,1,5,11
5996706,1,21,5
5996707,1,21,11
5996708,1,21,3
5996709,1,56,3
5996710,1,57,4
5996711,1,55,1
5996712,1,55,6
5996713,1,21,12
5996714,1,21,13
5996715,1,21,8
5996716,1,106,1
5996717,1,106,3
5996718,1,106,8
5996719,1,106,10
5996720,1,106,12
5996721,1,106,2
5996722,1,106,5
5996723,1,106,13
5996724,1,106,11
5996725,1,106,6
5996726,1,106,4
5996727,1,106,7
5996728,1,55,9
5996729,1,106,14
5996732,1,5,1
5996733,1,60,1
5996734,1,60,2
5996735,1,60,3
5996736,1,60,4
5996737,1,60,5
5996738,1,60,7
5996739,1,60,8
5996740,1,60,10
5996741,1,60,9
5996742,1,60,12
5996743,1,60,14
5996744,1,60,16
5996745,1,60,13
5996746,1,5,21
5996747,1,60,15
5996748,1,11,1
5996749,1,40,1
5996750,1,5,24
5996751,1,5,23
5996752,1,55,4
5996755,1,55,5
5996756,1,57,3
5996757,1,309,1
5996758,1,309,2
5996759,1,309,3
5996760,1,309,4
5996761,1,309,6
5996762,1,309,7
5996763,1,309,8
5996764,1,55,3
5996765,1,5,19
5996766,1,21,7
5996767,1,57,6
5996768,1,57,7
5996769,1,5,16
5996770,1,5,13
5996771,1,309,5
5996772,1,40,2
5996773,1,40,4
5996774,1,40,27
5996775,1,40,3
5996776,1,40,17
5996777,1,40,7
5996778,1,40,5
5996779,1,40,10
5996780,1,40,6
5996781,1,40,12
5996782,1,60,6
5996783,1,40,8
5996784,1,40,11
5996785,1,40,16
5996786,1,40,9
5996787,1,55,7
5996788,1,40,15
5996789,1,40,18
5996790,1,40,14
5996791,1,40,19
5996792,1,40,21
5996794,1,60,11
5996795,1,11,4
5996796,1,11,3
5996797,1,74,3
5996798,1,74,5
5996799,1,74,6
5996800,1,74,7
5996801,1,74,9
5996802,1,74,10
5996803,1,74,11
5996804,1,74,12
5996805,1,74,13
5996806,1,74,14
5996807,1,74,15
5996808,1,74,8
5996809,1,5,20
5996810,1,55,2
5996811,1,56,7
5996812,1,55,8
5996813,1,5,8
5996814,1,5,5
5996815,1,5,25
5996816,1,5,17
5996817,1,5,14
5996818,1,21,6
5996819,1,40,37
5996820,1,40,32
5996821,1,40,33
5996822,1,11,5
5996823,1,11,7
5996824,1,11,8
5996825,1,11,2
5996826,1,11,6
5996827,1,5,22
5996828,1,40,36
5996829,1,40,35
5996830,1,40,34
5996831,1,40,31
5996834,1,5,18
5996835,1,21,14
5996836,1,675,4
5996837,1,675,2
5996838,1,675,1
5996839,1,675,6
5996840,1,675,10
5996841,1,675,14
5996842,1,675,19
5996843,1,675,24
5996844,1,675,13
5996845,1,675,22
5996846,1,675,15
5996847,1,675,12
5996848,1,675,16
5996849,1,675,7
5996850,1,675,3
5996851,1,675,25
5996852,1,675,28
5996853,1,675,42
5996854,1,674,10
5996855,1,674,29
5996856,1,675,5
5996857,1,675,9
5996858,1,674,11
5996859,1,674,16
5996860,1,674,15
5996861,1,674,1
5996862,1,674,2
5996863,1,674,3
5996864,1,674,4
5996865,1,674,5
5996866,1,674,6
5996867,1,674,7
5996868,1,674,8
5996869,1,674,9
5996870,1,675,11
5996871,1,674,12
5996872,1,674,14
5996873,1,675,17
5996874,1,675,23
5996875,1,674,17
5996876,1,675,26
5996877,1,675,27
5996878,1,674,21
5996879,1,674,22
5996880,1,674,23
5996881,1,674,24
5996882,1,675,35
5996883,1,675,39
5996884,1,675,41
5996885,1,675,29
5996886,1,675,20
5996887,1,675,18
5996888,1,675,40
5996889,1,675,8
5996890,1,675,21
5996891,1,675,38
5996892,1,675,30
5996893,1,675,45
5996894,1,675,46
5996895,1,675,36
5996896,1,675,44
5996897,1,675,33
5996898,1,675,37
5996899,1,675,31
5996900,1,106,18
5996901,1,106,16
5996902,1,675,43
5996903,1,675,32
5996904,1,675,34
5996905,1,674,20
5996906,1,674,25
5996907,1,674,26
5996908,1,674,27
5996909,1,674,13
5996910,1,674,18
5996911,1,674,28
5996912,1,60,17
5996913,1,106,9
5996914,1,106,15
5996915,1,674,19
5996916,1,40,25
5996917,1,40,20
5996918,1,40,13
5996919,1,40,24
5996920,1,40,23
5996921,1,40,38
5996922,1,40,39
5996923,1,40,29
5996924,1,40,28
5996925,1,40,22
5996926,1,40,30
5996927,1,106,17
5996928,1,40,26
5996933,1,75,4
5996934,1,75,3
5996935,1,75,1
5996936,1,75,2
5996937,1,75,5
5996938,1,75,6
5996939,1,73,1
5996940,1,73,2
5996941,1,73,3
5996942,1,331,1
5996943,1,331,2
5996944,1,331,3
5996945,1,331,4
5996946,1,331,5
5996947,1,331,6
5996948,1,331,8
5996949,1,331,9
5996950,1,346,1
5996951,1,346,2
5996952,1,346,3
5996953,1,346,4
5996954,1,346,5
5996955,1,346,6
5996956,1,372,1
5996957,1,372,2
5996958,1,65,3
5996959,1,65,1
5996960,1,65,2
5996961,1,65,6
5996962,1,331,7
5996963,1,65,10
5996964,1,331,10
5996965,1,65,7
5996966,1,65,4
5996967,1,65,5
5996968,1,372,3
5996969,1,65,8
5996970,1,65,11
5996971,1,65,9
5996972,1,65,12
5996973,1,41,2
5996974,1,41,1
5996975,1,41,11
5996976,1,41,3
5996977,1,41,13
5996978,1,41,5
5996979,1,41,4
5996980,1,41,6
5996981,1,41,7
5996982,1,41,8
5996983,1,41,9
5996984,1,41,10
5996985,1,75,7
5997034,1,301,1
5997035,1,373,2
5997036,1,301,2
5997037,1,301,5
5997038,1,301,6
5997039,1,301,10
5997040,1,301,12
5997041,1,301,13
5997042,1,372,5
5997043,1,304,1
5997044,1,304,3
5997045,1,304,4
5997046,1,304,5
5997047,1,304,6
5997048,1,330,1
5997049,1,331,1
5997050,1,331,2
5997051,1,331,4
5997052,1,331,3
5997053,1,331,7
5997054,1,331,8
5997055,1,331,6
5997056,1,331,9
5997057,1,346,1
5997058,1,346,2
5997059,1,346,3
5997060,1,346,4
5997061,1,346,5
5997062,1,346,6
5997063,1,372,1
5997064,1,372,3
5997065,1,372,4
5997066,1,372,6
5997067,1,372,7
5997068,1,372,9
5997069,1,372,10
5997070,1,372,18
5997071,1,372,21
5997072,1,372,22
5997073,1,372,23
5997074,1,372,26
5997075,1,372,27
5997076,1,373,3
5997077,1,73,1
5997078,1,73,2
5997079,1,73,3
5997080,1,373,5
5997081,1,304,2
5997082,1,301,14
5997083,1,372,24
5997084,1,372,28
5997085,1,372,13
5997086,1,372,14
5997087,1,372,16
5997088,1,331,5
5997089,1,373,7
5997090,1,373,6
5997091,1,373,9
5997092,1,373,1
5997093,1,373,8
5997094,1,373,4
5997095,1,372,11
5997096,1,372,12
5997097,1,372,2
5997098,1,41,1
5997099,1,41,2
5997100,1,41,3
5997101,1,41,4
5997102,1,41,5
5997103,1,41,7
5997104,1,41,6
5997105,1,41,8
5997106,1,41,9
5997107,1,41,10
5997108,1,41,30
5997109,1,41,11
5997110,1,41,22
5997111,1,41,12
5997112,1,41,13
5997113,1,41,14
5997114,1,301,15
5997115,1,41,25
5997116,1,41,15
5997117,1,41,24
5997118,1,41,31
5997119,1,41,21
5997120,1,41,20
5997121,1,41,29
5997122,1,41,26
5997123,1,41,18
5997124,1,41,23
5997125,1,41,28
5997126,1,41,27
5997127,1,41,19
5997128,1,346,7
5997129,1,372,8
5997130,1,372,25
5997131,1,41,32
5997132,1,75,14
5997133,1,41,16
5997134,1,41,17
5997135,1,331,10
5997136,1,372,20
5997137,1,41,33
5997138,1,75,1
5997139,1,75,2
5997140,1,75,3
5997141,1,75,6
5997142,1,75,7
5997143,1,75,4
5997144,1,75,5
5997145,1,75,8
5997146,1,75,10
5997147,1,75,9
5997148,1,75,11
5997149,1,75,12
5997150,1,75,13
5997151,1,75,17
5997152,1,75,18
5997153,1,75,16
5997154,1,75,15
5997155,1,372,17
5997156,1,372,15
5997157,1,65,1
5997158,1,65,2
5997159,1,65,3
5997160,1,65,4
5997161,1,65,5
5997162,1,65,6
5997163,1,65,7
5997164,1,65,8
5997165,1,65,9
5997166,1,65,10
5997167,1,65,12
5997168,1,65,11
5997169,1,65,13
5997170,1,65,14
5997171,1,301,4
5997172,1,372,19
5997173,1,301,11
5997174,1,301,3
5997175,1,301,8
5997176,1,301,7
5998950,1,12,2
5999279,1,599,7
5999280,1,599,11
5999281,1,599,9
5999282,1,599,12
5999283,1,599,8
5999284,1,599,41
5999285,1,599,52
5999286,1,599,2
5999287,1,599,10
5999288,1,599,4
5999289,1,599,5
5999290,1,599,1
5999291,1,599,42
5999292,1,599,51
5999293,1,599,3
5999294,1,599,6
6006711,1,107,1
6006712,1,107,2
6006713,1,107,3
6006714,1,107,4
6006715,1,107,5
6006716,1,107,6
6006717,1,107,7
6006718,1,50,1
6006719,1,50,2
6006720,1,105,2
6006721,1,676,1
6006722,1,676,2
6006723,1,676,3
6006724,1,676,4
6006725,1,676,6
6006726,1,676,8
6006727,1,676,9
6006728,1,156,1
6006729,1,156,2
6006730,1,182,1
6006731,1,182,2
6006732,1,181,1
6006733,1,181,2
6006734,1,181,4
6006735,1,181,3
6006736,1,181,5
6006737,1,671,1
6006738,1,671,2
6006739,1,671,3
6006740,1,671,4
6006741,1,671,5
6006742,1,671,6
6006743,1,671,7
6006744,1,671,8
6006745,1,50,4
6006746,1,50,3
6006747,1,50,5
6006748,1,676,5
6006749,1,676,7
6006750,1,150,1
6006751,1,150,2
6006752,1,150,7
6006753,1,150,3
6006754,1,150,4
6006755,1,150,5
6006756,1,101,1
6006757,1,101,2
6006758,1,150,6
6006759,1,150,8
6006760,1,101,3
6006761,1,150,9
6006762,1,150,10
6006763,1,150,11
6006764,1,101,4
6006765,1,101,5
6006766,1,101,6
6006767,1,150,14
6006768,1,150,13
6006769,1,118,1
6006770,1,105,1
6006771,1,118,2
6006772,1,165,3
6006773,1,165,1
6006774,1,165,2
6006775,1,184,1
6006776,1,184,2
6006777,1,160,1
6006778,1,160,2
6006779,1,160,3
6006780,1,160,4
6006781,1,160,5
6006782,1,671,12
6006783,1,671,11
6006784,1,671,10
6006785,1,671,9
6006786,1,671,15
6006787,1,671,14
6006788,1,671,13
6006789,1,161,2
6006790,1,161,1
6006791,1,161,3
6006792,1,161,5
6006793,1,161,4
6006794,1,161,7
6006795,1,161,6
6006796,1,165,4
6006797,1,150,12
6006798,1,160,6
6006799,1,160,7
6007333,1,124,1
6007334,1,124,3
6007335,1,124,2
6007336,1,124,6
6007337,1,124,4
6007338,1,124,5
6007339,1,48,6
6007340,1,48,7
6007341,1,28,6
6007342,1,28,7
6007343,1,28,5
6007344,1,28,4
6007345,1,28,2
6007346,1,28,1
6007347,1,28,3
6007348,1,26,6
6007349,1,26,7
6007350,1,26,5
6007351,1,26,4
6007352,1,26,3
6007353,1,26,2
6007354,1,26,1
6007355,1,62,1
6007356,1,62,2
6007357,1,62,3
6007358,1,62,4
6007359,1,62,5
6007360,1,62,6
6007361,1,62,8
6007362,1,62,10
6007363,1,26,8
6007364,1,8,1
6007365,1,8,3
6007366,1,8,4
6007367,1,8,5
6007368,1,8,6
6007369,1,8,7
6007370,1,26,10
6007371,1,26,9
6007372,1,28,8
6007373,1,28,9
6007374,1,26,12
6007375,1,26,11
6007376,1,8,2
6007377,1,48,1
6007378,1,48,3
6007379,1,48,4
6007380,1,62,7
6007381,1,62,9
6007382,1,62,11
6007383,1,48,2
6007384,1,48,5
6007385,1,128,8
6007386,1,128,12
6007387,1,128,11
6007388,1,128,10
6007389,1,128,9
6007390,1,128,7
6007391,1,128,6
6007392,1,128,4
6007393,1,45,2
6007394,1,45,1
6007395,1,45,3
6007396,1,45,4
6007397,1,45,5
6007398,1,45,6
6007399,1,128,1
6007400,1,128,3
6007401,1,128,2
6007402,1,128,5
6007403,1,27,2
6007404,1,27,1
6007405,1,27,3
6007406,1,124,7
6008002,1,12,1
6008003,1,12,2
6008004,1,7,1
6008005,1,7,2
6008006,1,7,3
6008007,1,7,4
6008008,1,7,5
6008009,1,7,7
6008010,1,7,6
6008011,1,7,8
6008012,1,7,12
6008013,1,7,9
6008014,1,7,10
6008015,1,7,13
6008016,1,7,14
6008017,1,7,15
6008018,1,7,16
6008019,1,7,17
6008020,1,7,18
6008021,1,7,19
6008022,1,36,1
6008023,1,36,2
6008024,1,36,3
6008025,1,36,4
6008026,1,36,5
6008027,1,36,6
6008028,1,36,7
6008029,1,36,8
6008030,1,36,9
6008031,1,1,1
6008032,1,1,2
6008033,1,1,3
6008034,1,1,4
6008035,1,2,1
6008036,1,2,2
6008037,1,2,3
6008038,1,2,4
6008039,1,3,1
6008040,1,3,2
6008041,1,3,3
6008042,1,3,4
6008043,1,3,5
6008044,1,3,6
6008045,1,3,7
6008046,1,3,8
6008047,1,3,9
6008048,1,70,1
6008049,1,70,2
6008050,1,70,3
6008051,1,70,4
6008052,1,70,5
6008053,1,70,8
6008054,1,70,6
6008055,1,70,7
6008056,1,673,1
6008057,1,673,2
6008058,1,673,3
6008059,1,673,4
6008060,1,673,5
6008061,1,673,6
6008062,1,673,7
6008063,1,673,8
6008064,1,673,9
6008065,1,673,10
6008066,1,673,11
6008067,1,673,12
6008068,1,44,1
6008069,1,44,2
6008070,1,44,3
6008071,1,44,4
6008072,1,44,5
6008073,1,44,6
6008074,1,44,7
6008075,1,673,13
6008076,1,10,1
6008077,1,10,2
6008078,1,7,11
6008079,1,120,3
6008080,1,120,1
6008081,1,120,2
6008082,1,120,4
6008083,1,120,5
6008084,1,120,6
6008085,1,120,7
6008086,1,120,8
6008087,1,120,9
6008088,1,120,11
6008089,1,120,12
6008090,1,120,10
6008091,1,120,13
6008092,1,120,14
6008093,1,120,15
6008094,1,120,16
6008095,1,120,18
6008096,1,120,17
6008413,1,903,1
6008414,1,903,2
6008416,1,906,1
6008417,1,906,2
6008418,1,917,1
6008522,1,5,2
6008523,1,5,3
6008524,1,5,4
6008525,1,5,5
6008526,1,5,7
6008527,1,60,1
6008528,1,60,2
6008529,1,60,3
6008530,1,5,1
6008531,1,11,1
6008532,1,11,2
6008533,1,106,1
6008534,1,106,4
6008535,1,106,3
6008536,1,106,7
6008537,1,106,6
6008538,1,106,8
6008539,1,106,2
6008540,1,106,5
6008541,1,106,10
6008542,1,106,9
6008543,1,106,11
6008544,1,11,5
6008545,1,40,2
6008546,1,40,1
6008547,1,40,4
6008548,1,40,3
6008549,1,40,5
6008550,1,40,6
6008551,1,40,8
6008552,1,40,7
6008553,1,40,10
6008554,1,40,9
6008555,1,60,6
6008556,1,5,6
6008557,1,5,13
6008558,1,5,10
6008559,1,5,9
6008560,1,5,8
6008561,1,40,12
6008562,1,40,17
6008563,1,40,15
6008564,1,40,13
6008565,1,40,11
6008566,1,40,14
6008567,1,106,13
6008568,1,11,4
6008569,1,11,3
6008570,1,5,11
6008571,1,5,12
6008572,1,40,16
6008573,1,60,4
6008574,1,60,5
6008575,1,674,2
6008576,1,674,1
6008577,1,674,3
6008578,1,674,4
6008579,1,674,6
6008580,1,674,7
6008581,1,674,8
6008582,1,675,1
6008583,1,675,2
6008584,1,675,3
6008585,1,675,4
6008586,1,675,5
6008587,1,675,6
6008588,1,675,7
6008589,1,675,8
6008590,1,675,9
6008591,1,675,10
6008592,1,675,11
6008593,1,675,12
6008594,1,675,14
6008595,1,675,13
6008596,1,675,21
6008597,1,675,20
6008598,1,675,19
6008599,1,675,18
6008600,1,675,17
6008601,1,675,16
6008602,1,675,15
6008603,1,675,22
6008604,1,674,14
6008605,1,674,13
6008606,1,674,12
6008607,1,674,11
6008608,1,674,10
6008609,1,674,5
6008610,1,674,9
6008611,1,106,12
6008612,1,60,8
6008613,1,60,7
6008871,1,96,1
6008872,1,96,2
6008873,1,96,3
6008888,1,599,1
6008889,1,599,2
6008890,1,599,3
6008891,1,599,6
6008892,1,599,7
6008893,1,599,8
6008894,1,599,4
6008895,1,599,5
6008920,1,98,1
6008921,1,98,2
6008968,1,271,2
6008969,1,271,3
6008970,1,271,4
6008971,1,271,5
6008972,1,271,6
6008973,1,271,7
6008974,1,271,1
6008975,1,221,1
6008976,1,245,5
6008977,1,245,4
6008978,1,245,3
6008979,1,245,2
6008980,1,221,2
6008981,1,245,1
6008982,1,226,1
6008983,1,226,2
6008984,1,226,3
6008985,1,240,4
6008986,1,240,2
6008987,1,240,5
6008988,1,240,1
6008989,1,240,3
6008990,1,240,6
6008991,1,225,1
6008992,1,225,2
6008993,1,225,3
6008994,1,250,1
6008995,1,250,2
6008996,1,250,3
6008997,1,250,4
6008998,1,230,1
6008999,1,230,2
6009000,1,230,3
6009001,1,239,1
6009002,1,239,2
6009003,1,239,3
6009004,1,239,4
6009005,1,250,5
6009161,1,672,1
6009162,1,672,2
6009163,1,672,3
6009164,1,672,4
6009165,1,672,5
6009166,1,672,6
6009167,1,672,7
6009168,1,522,1
6009169,1,522,2
6009170,1,522,3
6009171,1,522,4
6009172,1,522,5
6009173,1,522,6
6009174,1,522,7
6009175,1,542,1
6009176,1,542,2
6009177,1,542,4
6009178,1,545,1
6009179,1,545,2
6009180,1,545,3
6009181,1,545,4
6009182,1,545,5
6009183,1,545,6
6009184,1,550,1
6009185,1,550,2
6009186,1,550,3
6009187,1,550,4
6009188,1,550,5
6009189,1,554,1
6009190,1,554,2
6009191,1,554,3
6009192,1,554,4
6009193,1,554,5
6009194,1,542,3
6009195,1,255,1
6009196,1,255,2
6009197,1,255,3
6009198,1,255,4
6009199,1,255,5
6009200,1,255,6
6009201,1,255,7
6009202,1,255,8
6009203,1,255,9
6009204,1,255,10
6009536,1,75,1
6009537,1,75,2
6009538,1,75,3
6009539,1,75,5
6009540,1,75,6
6009541,1,73,2
6009542,1,331,1
6009543,1,331,3
6009544,1,331,4
6009545,1,331,5
6009546,1,331,7
6009547,1,331,8
6009548,1,331,9
6009549,1,331,10
6009550,1,75,7
6009551,1,75,8
6009552,1,331,6
6009553,1,331,2
6009554,1,41,2
6009555,1,41,1
6009556,1,41,3
6009557,1,41,5
6009558,1,41,4
6009559,1,41,6
6009560,1,41,8
6009561,1,41,9
6009562,1,41,10
6009563,1,65,2
6009564,1,65,1
6009565,1,65,4
6009566,1,65,3
6009567,1,75,4
6009568,1,65,6
6009569,1,65,7
6009570,1,41,7
6009571,1,65,8
6009572,1,41,11
6009573,1,41,12
6009574,1,73,3
6009575,1,65,10
6009576,1,65,5
6009577,1,65,9
6009578,1,73,1
6009579,1,65,11
6009580,1,372,1
6009581,1,372,2
6009582,1,372,3
6009583,1,65,12
6010732,1,60,20
6010849,1,131,50
6010850,1,132,50
6011069,1,675,35
6011070,1,675,36
6011071,1,60,30
6011072,1,675,55
6011169,1,674,30
6011170,1,674,31
6011269,1,3,30
6011270,1,3,31
6011275,1,7,30
6011276,1,7,31
6011277,1,36,30
6011278,1,36,31
6011369,1,160,30
6011370,1,160,31
6011598,1,160,30
6011599,1,160,31
